3333333 00001 80____ 1                   
2222222 00001 80____ 1                   
1111111 00001 80____ 1                   
2222222 00002 80____ 1                   
9646170 00002 80____ 1                   
1111111 00003 80____ 1                   
9646170 00003 80____ 1                   
9646170 00004 80____ 1                   
1111111 00004 80____ 1                   
3333333 00005 80____ 1                   
1111111 00005 80____ 1                   
2222222 00006 80____ 1                   
9646170 00006 80____ 1                   
