6380201 00001 80____ 1                   
5744986 00001 80____ 1                   
5744986 00002 80____ 1                   
7309882 00002 80____ 1                   
6380201 00003 80____ 1                   
5744986 00003 80____ 1                   
7309882 00003 80____ 1                   
7611009 00004 80____ 1                   
0953067 00004 80____ 1                   
7309882 00005 80____ 1                   
0953067 00005 80____ 1                   
1584227 00006 80____ 1                   
7309882 00006 80____ 1                   
0953067 00007 80____ 1                   
6380201 00007 80____ 1                   
