4219971 00001 80____ 1                   
9335048 00001 80____ 1                   
8351230 00002 80____ 1                   
4219971 00002 80____ 1                   
0894834 00003 80____ 1                   
4219971 00003 80____ 2                   
8430661 00004 80____ 1                   
4219971 00004 80____ 1                   
8351230 00005 80____ 1                   
4219971 00005 80____ 1                   
9335048 00005 80____ 1                   
7492229 00006 80____ 1                   
0064254 00006 80____ 1                   
1427540 00006 80____ 1                   
6669592 00007 80____ 1                   
7226036 00007 80____ 1                   
7226036 00008 80____ 1                   
6270627 00008 80____ 1                   
